3.44394755 12.1223364 -3.452214 1.56411195 0.261263758
9.39589024 -7.37106323 -5.28915167 -5.25404119 -4.14672709
7.99875927 -3.52480507 3.66992259 3.22271609 -0.989083409
5.81888294 5.8802886 0.0154177621 -1.14574504 0.224978864
3.13825226 8.05467319 2.83433247 -0.366653591 -3.16294479
7.84013891 18.3008633 -3.14714599 5.96727657 0.45396027
4.4267211 -3.26910424 9.74528503 1.56527853 3.36645484
6.72204399 -17.8294468 -0.933457673 -3.77853894 3.68285394
3.25720978 -1.76229584 -13.1215906 2.34892535 -2.69953799
4.92409277 -1.26847589 9.03693867 -4.68288612 2.42404127
9.83724785 -3.33927083 -11.8023767 2.05800462 -4.44933891
1.08887339 1.30786467 -10.9581861 -3.8620379 -1.50949883
5.83789062 0.456679761 -10.0521097 -2.48667026 -1.88314557
8.58271408 -12.0323858 -0.0214904509 -1.09638667 0.0472934842
6.11739349 -17.0354805 0.818127632 -5.013309 -0.64410007
3.25130939 -2.86985135 -4.00271559 -2.05902171 1.75590444
1.41947412 7.54956198 -13.8088818 2.5918529 -2.74728537
6.54253483 -7.16692829 -3.48187137 -5.25440264 1.71968126
8.46188164 -6.77928686 -3.86927605 -1.96982682 0.177107975
1.65509844 11.6840134 14.5637541 4.02327108 2.87595487
8.31028461 0.207052052 -0.524258673 3.60760784 0.598834813
5.87102079 -12.0207129 -6.41888952 -3.645437 -3.91903782
8.45402813 -12.4355469 -1.80787206 -4.20960236 3.93547773
5.72153282 -16.9051304 2.66487432 -3.36820936 4.70450163
9.48315525 6.61258745 -2.77193689 -0.181495726 1.90144825
6.15288019 -8.70795918 -4.94107151 -0.249775335 2.1685164
3.77472734 4.97492599 0.0652217269 -0.479634732 -1.38729155
8.33669472 8.12068462 10.3983259 3.1991868 0.291044801
3.09637499 -0.778720438 -9.44077587 -2.24729657 -5.34560585
5.2916894 -6.5413785 -1.88820684 0.126397699 -0.672403038
6.53206587 -11.2502031 -11.6733646 -1.50447738 -2.31962514
7.96436071 0.601118803 8.77122498 -4.52779055 2.33463955
4.63555622 9.55696774 8.19593525 1.04681849 0.929445088
1.93353009 -1.27169609 -8.47930813 3.63411999 -0.415644944
3.2195518 11.3277168 -10.37251 2.32113886 -0.260962456
9.38449001 -14.2401571 -1.12156296 -3.43132639 3.63072014
9.68547058 -7.54601812 -0.785522163 -2.05857825 -0.204363644
3.51950479 7.66539145 -10.4864206 1.96574926 -4.53429556
1.29937482 -8.54815769 -3.63879251 -0.497547686 2.21289921
3.05537486 5.13707733 -16.9401188 -0.335500151 -3.6993897
7.32335758 -0.865044177 2.03468966 3.31181002 1.42615652
3.96191359 11.5562563 5.54432535 1.78859329 0.797521353
9.40630341 -4.97824574 12.0191135 -2.37951446 1.2876662
4.10466766 -4.99826002 -1.67506993 -1.56531906 1.70580304
8.13891125 -3.73971176 1.30300605 3.25313306 5.62550306
2.9424448 -6.77513361 -11.2149448 -2.56443644 -2.30965853
5.18293953 -1.9234637 -4.0145216 -0.759476006 -4.49913311
6.93912792 -11.5163174 -9.57698536 -1.86160946 -2.40074635
5.87847471 -5.86297846 4.81680918 -3.8409164 -2.44248247
3.84144187 7.41051912 -4.32902813 2.37468767 -3.31289268
7.73505306 -4.28972197 6.04585838 1.92684317 0.193480447
8.486269 -3.77505183 -6.5798912 -3.36649275 -3.88719678
7.71510077 2.78912759 4.67623377 3.6099596 1.22318828
8.28588867 6.43439865 14.3579483 4.31195593 3.47488761
2.71333957 -19.0468102 0.503960431 -5.07284784 0.622720182
1.05472445 12.81106 -14.0046825 3.95741272 -4.42519331
7.14199066 12.4886389 3.53715777 3.32914829 -2.34601569
7.32654476 5.42630339 12.451334 2.82324147 3.34318638
8.02212048 -1.98932457 12.7203636 -0.361952215 2.62394023
6.82485962 -16.5536842 4.45508099 -3.87521362 1.60062325
7.49426699 -9.90510464 10.1792545 -4.31953144 2.27956486
5.23820019 -0.863704324 -1.88700724 1.68403554 -2.21890235
1.14951348 -9.91295338 -0.341907859 -4.00716352 5.29350948
9.96003342 -17.2567234 -12.5161228 -3.56264997 -4.81509399
6.0905652 8.94107246 -6.6211319 0.950722694 -3.14962387
3.94578075 -1.72154641 -4.42881632 -3.53452325 -1.40562284
5.12566137 -6.93709326 -3.33636498 -4.30784702 -4.98523426
2.34700608 -7.14987946 9.63288784 0.344333947 0.136407375
2.00514507 7.17277002 -4.93349266 0.488329351 -0.389742792
2.07549119 12.5872688 -5.33120918 3.08368349 0.920187294
9.10379124 3.00942016 -0.402381718 0.314835399 2.61985946
7.95726824 -2.80168581 2.14349127 -2.15516448 -4.29193449
9.46009922 1.73401618 -13.7984667 -2.48933911 -4.80007744
8.62934494 -2.40106797 -6.13738966 -2.19567394 -0.0231346786
2.56905699 12.0147514 -8.38552284 4.78487158 -2.9780066
4.83669281 -4.41641188 -9.93645668 -1.91856635 -1.0829581
4.84726334 1.0474844 -8.75108337 -2.87271953 -0.574302018
8.28719997 8.63738346 -15.9856653 0.566543102 -4.27313042
6.16747665 5.32248402 -8.76113892 2.02879119 -0.357670635
5.71775389 -0.362414122 8.53653526 3.41825604 2.25479484
5.37131357 -10.0886965 8.70816708 -1.38007212 3.57453537
4.33135509 10.3522387 5.39919329 1.83317757 0.0994253978
9.16649055 6.76476669 10.8325939 5.26267862 1.69136488
9.25870323 -1.33018494 -8.54697514 -1.23087883 -0.356104463
9.31872559 -4.21988773 -7.26466084 2.44897723 -2.59822273
4.20003033 -3.85465097 -6.12651825 2.22916412 -1.57158387
2.53506207 2.16833735 14.7810745 0.521789491 4.73738241
1.9066782 7.23961115 -4.71323299 3.02055907 1.87302041
4.95451069 -3.94514585 0.589698493 1.68807876 -3.22693801
1.65818357 -2.52534819 -0.00715319626 -0.51047498 0.082202822
8.64936161 2.40673113 -11.5703192 1.21123791 -0.298747659
1.38557601 -5.08101606 0.131017387 2.94035864 -2.23048353
3.0393219 4.89113617 -4.59749126 1.76209271 -0.0637446046
9.6038084 8.89402962 14.263833 4.06439829 3.03095603
8.62870789 -5.68851662 -1.87257242 -3.85830975 -3.99112082
6.80895519 -2.61103821 7.8213315 2.12446952 2.61310983
2.97515917 0.686192274 1.5663414 1.96223605 3.49466228
8.49019432 -11.0345478 2.43711782 -2.50744534 -2.05863261
1.28884447 9.1164484 -9.21979713 0.489342004 -1.17886364
8.41989708 -1.09705925 -0.680783451 -1.01089275 -3.27420568
9.57556438 1.71471667 1.65987921 -3.68560529 4.45473003
8.37679291 -5.2465477 6.5142417 -4.44480133 -1.86749887
4.72575283 1.77447081 -9.37951469 0.389716476 -0.209402621
2.95315814 -2.14572692 -0.370320261 2.08670807 4.62355518
1.45865202 2.99943161 -13.5006084 3.82536578 -2.84090972
8.60814857 7.87737131 -8.98585415 4.56018591 -3.52673388
9.52257156 -7.03566694 -3.05653453 -3.58676171 -1.42698884
5.62290049 0.784112334 -12.6197186 -0.122646719 -1.39114404
4.06709385 2.68061113 -11.0592594 3.87774968 -0.0499153025
8.10988426 5.47831774 0.82638067 4.15709257 0.565107107
9.58100033 2.5395267 -13.6047029 2.13373756 -3.31295872
4.73710632 5.12217426 8.66644192 1.76695335 2.80220723
6.31396818 -14.0416889 -2.9968245 -3.76840925 0.475199223
3.31907129 -15.0892649 -4.12032461 -4.0746398 2.42427683
2.57939196 10.3969355 -15.5436535 4.04644775 -3.59703207
2.93565845 0.1916731 4.9719615 3.45628309 3.20995665
8.85033989 0.253295362 -5.22722244 1.80145228 -3.81018877
9.73138618 -8.12535763 6.32328844 -1.98140657 0.314662248
5.05340004 -4.60630178 -16.0833168 -2.79475427 -6.41969776
1.05289674 -13.0764732 11.224411 -3.65989995 1.21708179
5.96145344 4.25380898 11.8815861 4.63641644 4.02385759
8.07962704 -8.12672615 -9.42551994 -5.07632542 -0.362776667
1.1035862 3.88376856 -3.46936154 3.54526806 1.4572053
5.60658979 0.811630189 -10.8412724 -4.80189705 -1.65865064
9.08465672 5.93355274 -4.29118013 1.35942352 -2.76629543
4.13286018 0.0514277443 -1.72054863 0.487964332 -2.37947965
4.72916126 2.34990621 -4.91413832 4.65886259 -3.94307756
5.91166401 8.554986 -2.27255654 -0.0905872509 0.382617891
3.95510936 -11.0270576 -2.18678164 -1.21740377 -2.81420779
4.1225338 -3.31284237 -9.95183086 -3.70623398 -1.1914376
1.78154254 7.74886417 3.88392115 3.4794693 0.456113219
1.81649208 4.893641 5.4778676 0.040545404 -0.610641181
3.37570429 -3.15356159 -3.83435726 1.7764672 -0.597106755
4.79334068 1.02494192 -10.0044594 4.35636425 -1.24011731
5.54953289 15.3258791 -5.69059134 3.14071631 1.19497347
1.0683409 -6.3384943 5.58087158 -0.362580985 1.73564792
6.60954714 -1.07586956 2.10667706 -3.2669847 1.17243588
7.0799489 -16.5745697 2.88620019 -3.24953389 0.667633772
9.96432304 -0.960971117 1.29777789 -1.53562427 -0.351988971
4.30137825 -7.83540869 16.4969749 -1.15853715 4.82134724
9.40158939 -8.97741699 5.355474 -3.84181523 1.35922241
8.40573883 -5.33309078 -4.59551668 -2.46400928 2.9745028
2.43336558 -14.0004969 8.79232788 -3.41727901 -0.73355788
4.64779139 6.58497572 11.6515503 4.18359804 2.34002042
1.62282801 8.58843422 6.53393555 2.46769667 -1.37994528
9.61042404 11.9833136 8.73773479 1.33173561 3.21735883
9.29516888 -7.30772781 1.86479747 -2.91878033 0.374475062
1.97943544 1.16326237 5.10941601 5.07724094 -0.839156032
6.53871441 5.44984102 9.95116138 2.30645633 5.07525539
9.49995613 -3.82090974 -1.59111428 -4.46489763 2.31400633
2.90324426 13.6562843 5.18875313 3.72393107 2.0351069
4.76847076 -5.38476276 3.53394461 1.86985874 1.36803925
8.70396805 4.51775265 0.150265872 -0.503354549 -4.06598759
5.02229214 -2.26830292 -9.61703968 -3.01616216 -2.65699697
3.33261251 5.25247383 6.17774057 3.04407334 -0.622686863
1.57660782 -3.15992785 -4.996099 3.36126542 -4.71827126
4.48407412 14.9315672 -1.2275579 3.89609766 3.32977271
6.06901646 4.06160927 8.65217113 2.02093554 0.405376673
5.71052504 0.913454413 13.9951296 1.70779276 5.946383
1.16801035 -13.1842194 8.71611881 -4.44120693 0.522749603
4.19687366 -6.00605154 -1.64737844 -4.27648258 -4.49651003
1.89952838 1.1910131 -8.18879604 -1.4538939 -4.0700984
3.17606044 11.7261972 14.1355457 1.43220568 3.46485925
6.2488842 -7.08671331 11.9194822 -2.23302984 3.53981376
3.88385344 1.55971575 3.6314187 4.7834425 -1.14465678
5.19382906 -4.48898792 -6.75470114 -2.92941928 -0.712806344
6.45981598 -1.55798995 -13.3848209 -1.38012505 -4.38716173
1.82825077 -0.039557606 12.0603485 -2.43021369 3.05272603
7.70400238 10.6141367 9.81857109 2.30023265 1.96434927
2.7262311 0.859196544 10.1055336 0.588942945 3.71317363
6.09165192 15.4436979 -7.29412031 3.42943811 -2.36438107
3.20952868 -9.12958336 7.95318079 -1.47598255 0.612271845
1.95462072 5.83243799 1.4951303 0.110538088 0.42205736
1.66849065 -14.8293695 -8.04265881 -4.64363003 -0.575518489
3.2340169 10.2831898 2.06878829 2.5248456 3.76361203
1.60027707 -5.3241992 18.7322998 -3.92989373 4.4645896
6.71359587 1.28245831 4.67917395 0.94122988 -0.624931216
9.51248264 -0.40329659 13.703743 -4.09395027 2.4852035
1.13646972 -2.34673285 -13.6833344 -2.96968198 -4.02028608
5.35356855 -0.700882196 -0.53734684 1.87498558 -0.840066433
7.11138201 -10.1126356 0.870266497 -0.937490106 -2.97882223
1.62450266 -1.34832156 -0.618305981 -0.164641351 4.69001722
2.21989727 7.64538288 -19.0670834 0.221842408 -4.66285181
5.82917786 3.72034955 -6.85795355 -2.05445457 -0.169481158
7.22334003 -13.8774643 -2.91109562 -2.33923435 1.43065023
2.41828442 1.64221799 -3.66389585 3.25789762 1.12361598
1.78275025 -4.82596636 -15.7865343 0.150671244 -4.23548365
2.88255072 -3.67051196 -7.44237375 2.15674996 0.554530144
8.59124184 12.2484856 5.56966734 2.91145301 1.94734943
1.15662539 -0.211202502 -3.64187264 2.27579594 1.34886825
5.33258533 -4.27631187 -1.85279202 -3.41177726 -5.20651054
8.9790802 10.4916019 -10.7017956 5.06884146 -2.14827037
3.36567426 -11.9237289 -9.10432339 -2.94664979 -1.72409034
8.37831688 -11.2995739 7.5254631 -4.73049355 -0.468591511
6.54429054 -1.89320552 -4.75042772 -5.06037569 1.32201672
4.93012714 3.826648 0.0940239429 -0.274699301 -1.54768169
9.07843781 -3.12668753 9.39601612 1.51893651 1.61631668
9.94736576 11.4650507 -13.301157 2.65442538 -4.03317213
6.84142399 1.13455665 -11.2337513 1.06336451 -1.76823699
9.25845909 1.74351585 -2.62409663 -0.185167313 2.54751515
1.03337324 12.4838934 0.565766394 3.8328135 3.01496506
7.72916985 -0.845598221 13.0411034 -1.93044758 1.90517557
4.60175943 8.13346195 5.86420822 0.309923321 4.59843636
9.18544006 -4.43209505 7.2948308 0.573426962 0.29744789
3.32937479 -7.04263973 -5.75514984 1.12612891 -2.85215044
2.89228249 -9.57013607 -6.92504454 -0.234685287 -1.73718798
7.99253607 -7.03557777 -9.79937553 -0.451103419 -0.756653666
5.2448945 13.0253286 -11.9584894 2.49460244 -3.31339359
5.50266171 3.5456233 2.36789632 -0.11258702 0.62445277
2.83218193 6.57291794 20.3123894 2.47592044 5.35941792
8.42525578 -0.514589489 -14.5502033 4.99885178 -6.95494604
7.52063131 -5.26133156 7.07673264 0.179234698 0.034222424
1.79738617 -15.1787157 9.81851196 -3.04666734 3.97845411
6.72420216 -0.160649136 -10.023365 -0.108975396 -2.51121187
4.63770008 -8.38080978 2.62254953 -2.63202047 2.78717637
1.51010871 -13.6840096 2.13477111 -2.19247103 -0.197270691
9.06044483 -5.40407991 3.94851065 0.663542926 3.19989395
5.69847298 -5.63952017 12.6491175 -0.237319559 5.06433773
5.40181923 -12.9788351 3.15789986 -5.61687756 0.9830724
9.61312485 8.59297371 1.67988515 -0.557053566 2.82949662
9.25941277 -7.08874083 -1.38976455 -4.1118536 -5.71418858
6.63989544 -14.1954651 -3.22278643 -4.5741272 -1.23509073
1.85554266 14.315608 8.06895924 2.24095631 1.37091219
5.24499989 -6.16840935 12.3169584 -5.25957203 5.71527433
5.62851906 1.17270863 5.44351339 2.80892849 0.324373603
7.61535072 0.526142895 7.02244616 3.20021105 2.73625231
8.45936298 9.65920544 -8.03891754 2.64583921 -5.6060133
3.57341266 8.33986187 8.34767628 3.5904851 3.20234871
3.43801999 12.9982128 -11.1507502 1.9330337 -3.39622211
5.92319345 5.25843811 15.6218624 2.89831042 3.87109447
1.57876742 -5.05287838 -1.70287704 0.49275136 -2.86751676
4.88412571 2.89646745 -4.28728676 4.0937109 -2.26280546
5.38805342 4.49083424 -4.395895 0.70146066 -0.94853127
2.76997662 -4.80169249 -4.23767138 -4.36936951 -2.40809965
7.69170952 -3.58341551 -9.17718124 -1.66755903 -0.438717246
6.56733942 6.82756472 2.2432735 2.11688209 3.91367388
3.62917423 4.05173779 -16.6547012 -0.465974927 -4.89874315
4.57084322 -6.20859575 10.0834303 0.847337544 0.750668406
8.2191925 11.5266142 -4.83054399 4.07286358 0.921865463
2.73211217 -10.3073664 -0.981130123 -4.86069822 2.10754156
4.40545368 0.445146799 -8.93902874 4.0249176 -3.76514888
2.87549257 -2.09283733 -1.20373857 -2.51577282 0.168049186
2.98390007 5.90121269 4.27396536 -1.57503283 2.56084943
7.44333506 4.66720343 0.454559296 -2.6462326 -1.44190085
4.32535934 6.25480318 -13.1086063 1.57946682 -3.21797252
4.91836643 6.18133116 11.4686975 3.01418829 2.39523935
7.29140663 -12.3858814 3.25989223 -2.45466471 -0.287425458
2.586766 -7.45810032 -17.3990059 -1.33285153 -4.72077084
8.25601959 -2.35851645 4.96732473 2.70136929 -1.78137147
6.79496098 2.40840816 16.2352695 3.99101758 5.75285721
9.63695145 -1.77654815 -10.6976709 2.85397434 -3.23185563
8.35607624 -1.27628005 15.6927376 0.324870944 3.04732203
7.84225512 1.66989219 -4.22795773 -2.30158877 0.301145434
8.2628994 -3.31177187 16.6045074 -5.64427328 3.32199097
7.03863525 -17.4172287 -5.01343966 -3.99205709 1.91751981
6.36575556 -0.507632494 -18.399395 2.98479557 -4.17714882
1.65090454 4.16770267 -7.09588861 -1.79552376 -0.950831354
6.16694641 5.24495792 -10.8028984 4.28647184 -3.34622908
9.99261951 0.0976559669 -9.61584663 0.858833075 -1.46199346
3.39152098 -4.4553895 -10.1519938 1.94458699 -3.53996897
2.94130135 4.6692934 -7.79400063 -0.600873232 -3.40866423
2.4904201 5.27944708 -4.70135927 4.54954338 1.83771026
8.0574913 7.14955044 -3.31309128 1.87169361 -0.46768412
1.73082089 0.413976252 4.20457077 -3.03494549 2.06721234
8.05967331 3.54735708 0.244618282 5.34970713 -0.00307416916
9.03027534 -9.42560863 10.7533159 -2.40081739 2.95296001
4.05897999 -16.8246002 2.42476869 -5.9217577 5.48652077
2.19303894 -8.29266167 0.717787743 -1.5740509 -1.96796119
6.45775414 8.35252762 1.00200272 1.61387193 1.44196045
3.69913721 12.1283245 -2.714077 2.73099303 -2.48304462
8.92383957 -5.38628197 2.51556683 2.30187511 1.16072714
3.7119863 -7.33349943 -9.82027912 1.17355907 -1.64457655
5.33836126 11.5176573 4.8543663 1.67882013 4.97344875
9.44962215 -5.45391989 -7.32491064 -2.3579309 -0.627048969
6.13518906 -9.64877129 -2.67016053 -4.4433322 1.03264523
8.58480263 10.5356092 8.57726097 0.588749528 4.40289879
5.92379618 -9.33032513 2.76848674 -3.97725463 5.16582918
7.82589817 3.37436295 0.266436994 0.821584702 4.28482294
2.815907 2.99248934 -16.2709751 1.23024011 -3.09545016
6.33451509 15.3172064 -4.61743832 2.27204704 -1.35668468
3.35148859 1.67148471 6.32006741 -3.05805993 2.83089876
2.13944221 -8.70138454 -6.67909002 0.247710407 1.05258775
5.43569422 -1.92579412 0.318521917 2.74247265 -3.05393767
8.1987381 7.62140656 -6.01358843 3.77649498 0.128992394
1.19302166 15.7928562 8.06718922 5.12531614 4.41303349
5.26957321 16.9076824 -17.9156094 4.1296587 -4.36757898
1.14151299 3.86762881 -6.41076899 -0.80236578 0.506758392
6.24257135 0.441563487 11.8004999 -3.03100514 3.15570712
4.59846497 -5.95939159 2.42020535 -1.68807483 0.892408788
6.0901041 -9.98411369 -6.3360548 -3.44202924 -2.01605058
7.71691561 -10.8662415 -1.24946332 -2.6939342 -4.1214776
1.09709346 -5.44797087 -5.41198158 1.54755032 -5.3829627
1.06684554 5.58494091 -1.80313611 4.03802538 2.49935889
4.51828957 -2.87775612 3.09734678 -2.18407035 -1.89843941
3.16173124 -6.57129288 1.57226992 -4.88655567 3.25443792
8.32370567 19.2077217 -6.35277653 4.79669714 0.513258755
9.83917427 0.460139394 2.23955345 0.895160913 5.09710646
7.19210243 -2.39574623 6.06217289 -3.52441955 2.55836654
4.90090847 -1.26379752 -12.4230957 2.86274815 -1.58955872
7.39994144 8.30971909 9.84308147 3.04086637 2.33091712
1.91926169 -4.24072361 -4.35494232 -0.36945346 -4.20936728
1.77089477 -2.8376298 5.67674255 1.53373551 1.40660346
1.61564982 6.84555769 -0.483178943 2.6006968 -2.14283228
4.33526039 4.84041977 4.02917624 -0.114704601 1.2477715
5.71736145 0.0967844725 1.31225848 -2.58980751 0.701446295
8.86109352 0.278530538 -1.12069881 -4.58172226 -6.78861189
7.70039701 -14.1619692 -2.04803824 -3.73100376 0.922573984
9.90801811 -9.31546402 1.30245519 -1.82342565 2.06073451
2.32105398 -10.6511297 -9.80164242 -4.03930712 -5.40923977
4.56610823 1.98299229 14.6040211 2.92977142 3.22802639
6.3459549 10.6963396 -3.7885704 4.29830456 -0.78463912
5.52885914 10.3747959 6.91233492 2.06640744 1.5575577
6.38758802 16.0104046 -0.316559613 4.71415949 -3.63622236
1.66347182 -8.3133812 2.17230511 -1.32497287 -2.08455992
6.24490356 3.24344468 -16.4069557 -0.348983645 -3.50364208
4.72940397 2.01355815 -5.58260012 -2.06690454 -2.56880307
8.66537952 -3.02648973 -0.829079509 3.35737991 -1.69643176
1.40481234 1.43523562 10.7329502 -0.216416508 0.376821548
4.924788 11.7615499 3.47874379 3.95711994 -2.01240897
3.27516079 -9.22084332 12.7643509 -2.3928113 2.46360922
5.1377964 -0.473668694 -11.7547569 -0.944607437 -1.05494344
4.94113922 -2.70378828 -4.98771381 -0.176596224 -1.60396457
2.70414352 15.5077229 1.24688458 2.83355165 1.33132446
6.90373421 14.6468592 -3.74170375 5.10267735 1.85680711
4.79280329 -3.76030183 11.7680378 0.646474779 2.78056407
3.37563443 4.54146814 14.2690172 0.899917901 2.72667503
4.27630901 4.76855612 9.09012699 1.81254733 1.27990341
1.68807507 0.307098895 -0.660324395 -1.31792772 -4.27344799
7.01709032 -0.938170075 9.00254822 -2.13560462 3.60234499
9.43625832 -0.137525797 1.04231083 -0.400478512 2.47775602
7.91442299 1.08913434 -1.5201695 -0.058880154 1.13033748
2.02613592 9.24120235 -5.18446398 5.08702803 1.29666841
2.61633301 -0.0168985277 10.7359648 0.96089828 0.163904876
4.78025627 12.0394239 7.59471703 1.89079499 1.03630209
9.30475235 0.127857149 -15.2751894 4.97586107 -3.48897314
5.25226545 -5.38884115 1.11348653 -2.38942814 -2.24325585
7.45884418 12.9500675 5.16440964 4.18926096 1.75938582
9.91628742 1.48374009 8.99345493 2.6952014 2.56355977
2.00258327 -5.6968565 5.786098 -0.798982739 3.59441853
5.87583208 2.96697211 -3.90441918 3.83615732 -2.87893152
2.7456274 0.689082325 6.15539026 -3.3431294 -1.35491848
6.75817299 16.7399673 -5.81660366 3.74262118 -3.77930045
1.51644027 -8.59448051 -8.5823555 -6.76428413 -5.24678469
6.44516277 3.17131734 17.2697659 4.65647411 4.24263382
6.90519285 4.2734623 2.31260109 0.253822833 1.7024318
1.79874229 10.8463068 0.46906656 3.92705798 -2.47883081
3.01212668 2.24377537 -2.17693901 0.747516334 -2.57821894
7.03595734 4.78476334 12.0716496 1.5661304 2.09190989
9.11285782 1.40518284 3.85660648 -1.06326723 1.39989972
4.91172886 12.7139235 12.4500217 3.30152798 3.0687542
7.64701128 0.719295502 8.6843071 5.15423441 2.36476088
9.36392307 -10.9121647 7.22015667 -4.03665638 1.9745971
7.4348073 -3.52228928 16.4786549 1.29783368 3.72262621
4.77732849 14.2308969 0.604132891 3.49160576 3.78721881
9.52688217 -1.77236652 -13.9882126 3.05624628 -2.5992229
8.52326202 4.96655512 -12.4682856 -0.707166851 -1.76301384
7.59801292 5.1172843 -2.83012676 -0.445445925 0.389988214
3.93197298 -5.66915035 3.26266265 -2.81632924 -2.70899796
6.28618431 -13.3011675 4.46112728 -4.31830359 -2.61185861
8.3499136 3.86540651 0.486698687 2.33044028 -1.91894615
9.38491154 -3.49351382 -1.37474537 0.408478677 -0.392193884
5.44532681 -11.7313395 0.639168859 -2.91926432 -3.12614489
6.29713726 -4.63941193 12.7622166 -2.86285996 5.00631475
6.41012239 -14.486701 -12.7301807 -4.44072199 -1.4288336
7.65256548 1.93759251 1.52073395 1.28307891 -1.97270274
5.22095108 12.1409521 2.75269651 2.39893889 5.09306049
5.50059319 10.7605705 -11.3293304 3.35339022 -0.983290136
2.61319447 7.76647949 0.519229293 -1.19712949 5.74423313
7.97796297 2.45222044 -3.61855388 -2.06309128 1.86341012
7.92200089 -6.55692768 4.463727 -3.74126697 -1.57659578
5.86384773 4.53964138 -7.28889418 4.06550789 -1.13159823
4.45095444 8.64817333 2.28171301 -0.949719846 4.18606234
2.92614889 -1.64285803 1.32082915 4.07345533 2.42660284
3.5208559 -15.6405849 -1.50550461 -4.5305953 4.35052872
3.4618423 -3.55189514 6.07117128 -4.29719496 -0.541467428
1.85865438 9.03441811 -4.82633734 0.817536771 0.556290448
7.94558954 -3.07490087 3.41427302 -4.49457073 4.24973631
3.47680926 16.1904964 13.4360132 4.28524065 2.24505162
9.18449497 12.2766399 -0.0610330701 1.81633294 -3.67635226
1.70641792 1.33192074 -14.6406946 2.73847055 -5.10817671
3.88939667 -7.56136847 -16.0738049 -2.10384059 -4.38261747
1.535218 7.67741013 8.90135956 2.52403855 -0.535897017
3.06906986 -10.989604 -5.23999643 -0.405470043 -1.08783674
4.90967083 -3.21480536 13.5596704 -0.0510243177 2.56298614
2.15526915 8.25137711 0.606275201 -0.254832804 -1.79454911
3.1544373 -4.0699544 18.7624092 2.8508482 4.75746584
2.25730014 -2.7732842 -2.62752485 -0.648840129 -0.898604155
7.16927814 -3.65960884 -2.45370579 -3.75537562 -3.03506398
7.46090126 -5.72531796 12.6119232 -1.86158395 2.84369969
6.5558629 -8.34052181 -13.2976837 -0.161433905 -2.70372725
8.57590485 17.698019 2.88084221 5.40503645 3.24793983
5.33396864 -7.67620993 5.35766411 -3.11209416 4.9581008
4.23344517 7.36432886 7.74686003 0.0382180847 1.72098768
7.40038395 -12.8687458 0.70433259 -3.95683432 -1.84578514
6.74597836 4.24743652 -4.65986061 1.10238171 -2.14675283
9.38889027 -3.06541753 6.3812871 -3.49701905 2.91348767
2.63224435 -1.2880193 10.0337467 1.13194954 0.505333364
9.08794403 8.38565063 -3.98071289 3.15967536 -3.09797382
4.21330166 -4.20497036 3.62303948 -1.56664658 -2.08326936
6.06865406 -4.60391903 -2.80990505 -0.166076183 -5.24219179
9.19138241 -0.648100555 13.618104 3.86521602 3.44430017
2.68489265 5.89694405 11.5604286 -0.687283754 4.28710556
4.60642624 1.08751118 0.664063811 -0.576761246 2.66309357
9.09623337 6.10731268 -6.91115856 -1.59259105 -3.94767642
3.09083796 -4.25570869 5.42759418 -0.960038841 1.21659172
6.47388172 -0.105672538 1.00881577 4.03331232 -0.488359451
4.81705141 -4.8121109 15.5008554 0.485829115 2.864398
7.04469967 -4.52394724 -12.711812 0.190868765 -4.44523478
8.04992676 1.21571612 5.32533264 -4.65712404 1.92752111
3.12936473 16.2885532 -13.8733892 4.83436537 -2.63114309
6.70955515 -8.9324913 -0.569449782 -3.96674109 -4.33621025
6.82839346 -5.99376106 -5.65582132 0.674117744 1.33009088
7.84770203 -11.7048149 -8.60306644 -2.63665676 -5.5362978
8.51921654 -1.6744684 -1.57189143 4.79896832 -1.49042201
7.45033884 -10.4106379 2.43540525 -0.610802591 3.21172571
1.81252837 2.55352283 1.00898468 2.62554407 4.39455748
2.46564007 -0.0793522298 6.16169834 0.934893012 3.45648932
2.12974215 -6.32138538 0.14438656 -2.23601794 2.37484002
4.46742678 -11.443079 4.36699533 -3.24188614 0.0968220904
8.55470276 13.3132191 3.87969208 3.47134304 -0.568193138
6.86003017 10.2782431 -12.3662901 0.546072781 -3.83684635
7.11737204 5.51638842 1.13605666 -0.867364883 -4.23773861
6.03042841 1.94892883 3.05492973 -2.84619188 -1.07023501
1.16594887 -12.4368334 9.00194454 -2.24215245 3.1273489
1.35390866 -8.25329876 -13.0986547 -2.31471276 -3.9583025
4.98318958 8.46720791 3.56082511 -0.742871344 -2.06606436
2.45855999 10.8017006 1.53365564 3.60368681 1.45654976
4.30094147 -10.2286253 7.09098482 -3.95853901 1.21297097
4.65786839 -1.16646421 -16.7507458 1.11180043 -4.69335699
8.87496567 -12.0433159 -10.229291 -2.22297597 -3.12411451
5.95287228 11.7354889 9.03978443 6.21240807 -0.417005956
2.76911235 0.472206771 -3.24205828 2.21710801 -4.0094142
8.51480484 -16.9812775 0.190225869 -4.1514349 -2.26639915
7.51175785 -1.01824701 0.129829317 3.08496284 0.347813606
6.05241776 3.65395808 5.52364779 3.7032733 1.30246902
9.77465343 -4.76614046 1.49244261 1.44823349 0.246574581
7.96887636 8.37282085 -3.23382068 0.598069429 -3.8258481
4.73601437 -1.82007253 -12.8310108 0.588892758 -2.06191421
2.71709561 15.1244221 -1.86915541 3.2181406 2.63907027
5.77907562 -18.9454174 -6.41632795 -4.55596781 -3.71982288
1.25921774 4.47627068 -2.28088665 1.73947501 1.15973866
1.68796468 19.3562946 -11.8913727 5.06952381 -4.03994799
9.03388977 5.74303055 -4.04623318 4.1766367 2.37719226
8.9899044 9.13248348 -7.93430948 2.74634814 -3.52002859
4.34171534 8.28221512 11.4480133 0.847692609 4.43085289
2.60779548 -10.2942286 10.3976221 -1.49599707 1.91149437
5.55033159 -2.10666084 -5.51533508 -0.167855412 -2.39507556
7.47303295 10.6490078 -5.92683649 2.22421026 0.761086226
8.0316925 12.672348 -6.95332193 5.25525713 -4.30687046
8.25955772 2.304389 2.28837466 4.42566967 -2.05671835
8.2297039 -7.15563297 -3.14173126 -3.11379886 -1.85946167
4.89203835 7.08668613 7.99963617 1.06785333 2.91864562
3.77355218 -4.09354734 0.21653676 -2.66133738 -4.27388191
5.98478413 14.8971834 13.0725946 3.61790013 4.6543026
7.03430367 -4.99191523 7.28711367 -3.44574213 -0.0898039564
8.87170029 -7.03531027 -5.23241758 -3.50584769 2.23905754
6.03683329 5.41798067 -3.44318295 4.74643946 2.23898315
1.37564385 -4.41679144 7.41059446 2.34457827 1.99595129
9.13180828 1.01510763 -0.488859653 3.29785013 -5.46366739
6.98408842 8.08024025 -3.48419476 -1.03780365 -2.29150724
8.3334465 -9.4110651 -7.25604343 -3.56084728 0.187486589
1.57588077 -16.0012493 11.1453705 -3.45277953 0.489360631
6.72833681 9.05871105 0.702479959 3.0799284 -1.75962865
2.36462593 -12.2008181 -3.31876087 -1.42702293 -4.2481184
7.86461973 -5.46694136 13.2210922 0.641106009 3.12823105
4.20898008 14.9745636 -8.92818832 4.97213125 -3.93121839
4.52433205 15.1648903 0.298945427 4.44574881 -2.5222733
9.94933987 -8.78994274 -5.35172606 -1.63486981 1.30668151
8.78765965 -7.53677273 -15.3069849 0.536595523 -3.34749413
9.92615318 -2.88654423 11.600564 2.83317256 1.49837148
7.79631615 -5.24765635 -0.299641192 -0.75657618 4.77368689
4.33687401 11.8113098 2.76407599 5.73790407 0.414239436
4.11406136 -7.54221916 5.04773712 -3.0004735 -0.805013001
4.58430195 -9.31296253 -6.41646528 -2.33155656 -1.65631819
7.10559368 -8.12678337 6.50127268 -3.94511008 -1.48681116
8.27883244 -14.0062046 -2.61568737 -4.75459814 0.636737943
8.22496414 -7.18530703 -5.96468496 -2.86427689 -2.86509514
1.04489088 9.59465122 5.7503891 1.52841461 -1.38935339
4.62924719 -2.23926854 -13.7140341 1.86390138 -2.8911593
6.79130983 -6.78123569 5.98979139 -5.12785101 4.8095932
5.01933289 3.89238882 1.02368784 0.144992411 2.86045599
5.60088587 13.6856384 -5.03007984 3.2533915 1.37671936
1.11671209 7.97517681 -5.93990564 5.97652435 0.328764498
1.89475179 13.528264 0.203473061 1.88896704 -1.55460048
9.68030453 -3.76262498 12.0972366 2.64024878 3.39710283
8.02816582 -10.3721485 9.39245605 -3.07409 1.43907511
6.47248888 6.3527298 11.1164513 1.2155422 4.73026514
9.97528267 -12.7528543 8.41944408 -4.68007517 2.91501188
1.07371163 3.55490828 6.44553947 -1.53909433 -1.14536214
4.25895834 6.51535892 1.06017399 1.22770905 -4.3382616
1.96361387 -5.44345903 7.30283928 -0.343899488 1.67323971
1.77573395 -0.102482021 -1.3943671 -4.70085144 2.04901171
3.76285172 4.40484905 3.75668454 -1.84661663 2.37176275
6.68524361 6.70130825 -1.63318491 5.14583683 -4.52198839
7.05023861 -9.21509838 4.8317399 -2.04914379 2.49721956
1.00593746 4.64060545 -2.35626125 2.67536807 -2.31494951
4.65625572 0.57395196 -3.56180143 -3.03630233 0.169216767
6.08335543 -1.36521792 -4.98111248 -0.849745393 1.93603384
7.84399414 2.07477307 -10.4181757 -1.07084155 -0.668844104
8.58300114 -4.82060242 -5.87989664 -5.3516469 -4.00201178
1.27691925 0.893682122 4.43699884 -4.10336018 -1.39298582
2.1641624 8.12888813 13.7237005 -0.452790499 3.67998195
8.18946648 -4.43425798 -14.8244467 -1.0794611 -4.82173586
4.49359608 1.12117851 15.7585278 -0.291533887 4.03024721
1.65574443 13.1837711 -12.1304331 3.42729807 -3.14423847
3.74993086 1.61891699 -8.31903172 3.74392509 -1.85311878
5.37125111 1.05988884 -0.241351992 4.64862919 1.53233814
9.2829237 -3.73693991 -15.7591343 1.13667607 -4.31764841
2.85111642 4.92980909 1.04130912 1.61115551 -2.60931492
7.57484961 -0.128436148 -10.0980854 2.66688013 -3.16889
7.44632435 15.5204124 -11.2201548 3.23778391 -1.72265851
7.16817045 -15.6116304 4.94257927 -4.33325958 0.380103678
2.09433579 4.66961002 5.39182854 -1.92250943 -0.311247945
9.71004105 -0.496618509 2.68629646 -0.369060069 -0.526688933
2.20006847 -10.1008968 -12.6802282 -0.48611328 -3.24406171
9.77479935 11.8360939 -10.3339453 1.3926903 -4.77901506
4.55926323 -4.00518942 -9.06166363 -4.4648509 0.119503289
4.61552715 -8.22012997 4.15763283 -0.568361163 2.5264678
3.72980714 -13.2019539 -4.64013577 -4.52695036 -1.57218874
8.50364304 -6.84502125 6.39942884 -3.79007316 -1.92325354
9.75534916 5.75941324 -1.35970724 2.2499547 -4.93595362
7.81503105 -4.89148426 -0.410049081 -3.54168439 2.51544547
5.65035295 -3.50391364 -9.74637127 0.272286177 -2.45599198
4.51451588 1.02173615 0.594936371 2.84838343 -1.65048099
3.54899526 8.52942467 -11.3258381 1.19856513 -1.37892663
3.19719434 3.53818989 0.714592814 1.5290997 -2.28616643
2.92760968 11.4417648 4.77831268 1.32733691 1.84877491
8.34310341 3.91376138 -2.94068813 3.2004776 -1.20517325
9.80637646 -3.45384312 7.08502388 -2.7308774 -0.650982082
3.94154167 10.991888 -7.23966694 3.41744566 -3.11184931
1.33418977 -5.93212843 0.661566198 0.5577209 -0.989706576
9.1382122 12.2846222 3.06232786 3.584198 -0.361221671
3.66487479 -10.8221121 6.17441177 -0.666089058 0.241004407
2.06866693 -11.8569613 -8.67737484 -2.10057402 -2.68892694
5.5317111 -0.555547237 -6.49317884 0.175775602 0.934434831
3.52433372 2.78047562 -2.62456012 0.804646671 -6.1726222
1.42514133 -4.64803696 -1.82577729 -2.82546115 -2.61845326
4.61681938 -3.8453424 12.0389872 -3.93542552 2.23403192
3.77868128 10.4644241 -9.65504265 2.49005938 -1.06972671
3.09060955 -2.62668228 -2.77987742 -4.0773921 2.64773369
3.07315063 -2.64561963 12.4990606 -1.34114516 2.84454346
3.44188213 1.57479167 4.27496004 2.95641136 -2.13481212
3.26176262 -3.99595737 15.2782516 -4.79675961 3.72291803
2.50346518 -11.5618286 1.41901934 -4.84576607 1.39855456
3.42315769 12.7787075 1.35349131 5.13263702 2.70928645
4.64375114 14.5927553 15.8837395 4.71251202 3.5738287
8.05262756 -2.4955833 1.0183115 -2.93221092 -3.86731482
7.24619532 -3.024266 -9.03476334 1.02914441 -4.65537214
8.88816738 0.319221556 -5.41093111 3.10059214 -3.44731498
9.61666012 10.3757362 -5.35514402 0.880341113 0.57117635
2.69066763 -11.3910761 0.143448025 -1.25068665 1.48832142
3.98111439 12.9134893 6.75097656 4.6562562 -1.25279236
5.87296438 -8.3695488 7.50327682 -2.28468704 3.28499174
1.72534966 -18.8449154 6.66857386 -4.79029894 4.1994257
4.38991404 -4.7164526 1.93780565 0.279360443 4.47110605
8.53756142 -14.6021395 -8.89664555 -2.73671126 -1.98576987
6.79574871 -3.34813023 -10.1196651 0.0460213125 -5.91680193
1.60546303 9.33147812 13.8576698 3.98453426 4.61248446
3.87099314 -17.304493 5.78923512 -5.94438744 2.62732983
2.52686739 4.95284224 -1.48177004 -0.101119667 -4.03540373
2.73068595 -6.77140331 -10.2995186 0.926150501 -1.00501359
2.09006023 -4.03960705 -6.9662118 1.27856827 0.0627404451
1.81701708 4.37099934 15.4814444 1.78615832 3.67725945
1.57850862 11.7558718 1.12590277 1.89309597 2.80244398
2.67933416 -8.14006805 4.3325882 -1.80437386 -1.58776641
7.75897932 -4.96594 2.34055781 0.793266714 3.74011517
5.95780468 8.16379166 5.7632556 4.93979073 -1.75879157
3.20486379 -1.84030116 1.39596534 1.80946302 3.4849968
6.46326447 -0.763033092 -5.23928595 3.98164654 0.079558529
8.11624813 -11.6075621 -12.1231804 -3.48028326 -4.68369293
6.77474308 8.92633057 -12.2224436 0.403009921 -1.80265272
3.28881121 -5.56134272 9.68273926 -3.59332037 2.79315639
1.24500859 14.3039503 2.25037694 4.65468073 3.03803468
1.39005971 6.53688431 -4.203269 4.44831038 1.24392843
3.83480024 -12.8669205 2.75196576 -2.82903504 3.15838695
9.19773102 -2.23678827 7.57322598 -3.83137202 2.86699867
8.67184544 7.00071621 7.68043709 0.452672243 3.80776167
5.95888042 11.1807938 -6.64205503 5.28200054 -6.14110851
1.74600744 15.0017481 5.10298014 2.68317223 -1.62444508
4.52089691 -5.08351469 1.73882818 -0.690514684 -2.50748634
2.64571762 14.9357166 10.6929436 3.50272036 2.83704448
5.40067148 -11.2943478 1.15390515 -2.2159698 3.25095344
2.74016714 2.38270426 2.96216774 5.80030918 -2.78127193
9.4332695 9.18478012 -15.5493259 0.762673736 -3.80112481
3.71736288 -7.31015301 3.97086811 -0.233865038 4.41657257
7.17181206 2.45492625 18.2010326 -0.693673611 5.51908922
4.87949944 6.38395786 14.5837402 1.6972388 3.59977889
2.68350792 5.21427822 -2.72647452 3.95668387 -3.2254684
8.1062994 -6.22605515 -0.278134495 -3.74078608 -1.51188874
7.9044652 -3.16726971 13.0779123 3.18498707 5.10554504
5.88942146 9.64721489 8.5882864 2.75260115 4.74940872
2.2072854 -3.08125949 -0.9154526 -2.79214621 3.45249462
3.34557247 0.271487027 -1.99648201 1.68882453 -0.813468218
9.33556938 -3.35674047 7.06325912 -3.06920028 -1.22503757
3.61471224 -9.27464962 8.0240469 -1.00203502 1.5657202
7.36618757 0.852815926 12.4565449 -1.7651 1.80832219
7.54961586 3.64554238 -7.24903584 3.4129746 -4.09509373
3.85372686 1.42980456 5.54305077 1.25479293 -0.600646794
2.1020875 -4.41251135 -8.05535316 -6.10385036 -5.94602013
9.81027699 11.3726521 0.247463509 2.61752939 0.744803548
6.31153679 -17.5160065 -11.1393528 -4.44439793 -2.78250551
1.67991018 -1.03651452 -5.61550045 -2.83424759 1.91939127
5.30698061 15.4027443 4.17695379 2.62595868 -2.22255754
9.96623611 -2.99711418 -4.74023724 -3.62077904 1.40068269
3.22049356 -5.54377794 -10.356863 -2.19008183 -4.75755262
9.66359329 7.0503273 0.900700092 -0.874796748 2.05721521
7.42591143 -7.12457657 1.88678038 0.76370424 -1.26594841
3.15191793 -12.6250925 8.4285717 -3.05546808 4.98418522
4.0063076 13.7289381 -16.7138596 4.29631233 -5.19530392
6.71133137 -0.298106313 -9.17010784 -3.77412438 -1.02064562
6.85333681 -3.69753432 2.93826056 -2.06712461 1.90472436
7.312644 -4.09011602 1.66562521 -4.1191082 1.78957415
6.31075239 6.98644209 -3.51651502 4.07689857 -0.182211861
5.83653212 11.6464815 -15.2684641 4.46224642 -3.82004738
7.76299047 -4.17125511 -14.8126287 0.0474927872 -3.04415131
6.38581657 -2.84161019 10.5263014 -2.82114744 4.51795626
4.0794878 11.4311829 3.85614038 3.45507669 1.67749691
4.83563089 -4.6276865 -1.64830256 -5.1540122 -0.807837844
9.3161726 -0.131006092 -0.544595301 1.07825947 3.55708313
7.28948355 0.488549769 6.97497177 0.556698322 5.29542875
6.58451748 11.0987768 0.952757359 3.02468824 -3.49195719
5.58847904 1.69190896 5.37641048 5.37275219 -0.348953307
9.4928875 -2.89658189 -1.42800689 -4.32225227 3.85916591
3.5348258 7.89883089 -0.738056183 0.62865603 -0.448356092
9.06591511 -7.27007008 -3.12663198 0.835750699 -0.676536143
2.98459005 -4.56975269 -6.04726505 1.04909921 -3.687675
5.54937458 -7.31936741 -2.79361272 -4.12433863 -2.49333477
7.46451044 -4.15310144 -2.01000619 2.3649168 -1.27703881
5.00380325 -0.340796232 1.84047055 4.6790576 4.08521557
6.47304583 2.42984271 5.58897257 2.80723429 -1.99327517
9.09958744 -7.83799744 9.58510399 -4.15155315 6.23257637
7.11635113 -8.6086998 7.04410601 -0.138697505 0.968689859
4.01069593 4.8658824 2.88757324 -1.27273881 0.78987062
4.23963451 -1.42919898 -4.17051077 -3.67159343 -1.23780227
3.82252836 0.560400486 8.79623985 0.503508687 2.87478209
9.71090221 3.6790998 0.0476301312 -1.7779361 -2.58472157
1.35217333 -3.28606057 15.1893454 -0.438075453 3.59317708
5.0065546 -7.84356928 -6.15802813 -3.92441511 -2.58799148
7.79460907 -1.23464596 10.5782413 1.51897109 0.525534153
9.76573849 -8.66274166 14.436511 -1.00031114 2.7160089
7.0923152 -3.8975637 18.0592709 -2.52356839 4.51149225
4.45851803 -0.228853613 -17.0059147 1.06656027 -4.75798941
6.44595909 -1.62909377 -16.3615341 3.81699252 -4.14539623
7.83339214 12.5940647 0.0447535515 3.90347528 2.87055039
8.86114693 -7.96341848 6.45048809 0.0101440847 1.22111976
2.29389715 -14.8051195 17.4621677 -3.51192141 4.63431787
8.14368439 5.4312253 1.77653229 2.02147937 1.80115914
7.86405277 5.34549904 1.82108212 -1.94141328 -1.84833872
3.25069427 1.1885941 8.97317886 -2.65299034 4.73725319
6.89897919 1.52921057 9.06387043 -3.82294202 0.731646717
6.39713717 -5.75448751 -11.5502634 1.74000764 -2.77271247
2.19412565 -3.66415405 -14.5309591 -0.325980902 -2.60702133
5.83386469 0.15334779 -14.8054628 -3.2208631 -5.24079847
9.65164661 -13.3397198 8.8552618 -2.51258779 3.08118916
1.69152331 -9.71720791 4.18793249 -2.01071644 3.87236285
7.16009474 2.20041323 -3.55270767 3.73808312 -3.36239004
3.80920267 -12.1559134 7.394701 -6.32589865 2.99836469
9.84378052 -2.06499434 1.77276158 -1.99697757 3.67940331
1.94351411 9.56597996 0.543055415 0.401522398 1.87858951
5.33632565 10.5732918 3.18921447 0.408037841 1.74112678
4.27039099 13.7669849 -15.355711 2.06163335 -4.04577112
9.23556137 -3.71126413 11.1416826 1.18294597 0.975773692
1.5849216 -4.36995649 13.3548098 -5.82821751 1.24061167
1.39790213 5.67811155 3.11979318 1.80649734 -3.04955697
7.10161686 -3.43657947 4.27832651 -0.517205715 1.09255958
3.22711515 -0.961705327 -17.8650951 2.0853157 -5.16410112
2.26838112 -1.95466304 0.178095818 4.13920832 -2.90235734
2.60987043 -18.2107105 11.9252319 -4.21888924 3.26953983
1.49467564 4.35329485 13.124568 2.50401354 2.26939344
4.66315365 10.8881903 7.23847342 3.0505302 -0.258667976
3.2005434 -7.86661196 3.64872742 -4.57310343 3.06940389
4.9401412 -3.42785645 -0.426210374 -1.87214434 0.589294851
4.0963273 -4.45658064 -0.356476367 -2.86269355 -3.67665315
1.25689197 -2.27136469 7.29188395 -4.80312014 -0.906977832
6.09727812 2.93001127 -7.12159777 -2.54560947 0.326260149
2.79660749 -11.9353809 -11.2712984 -1.96598709 -3.01031899
3.77601671 2.06046343 5.51563263 -2.81401896 -1.28170574
8.64118767 15.3106394 -12.9213123 2.65364695 -3.82179713
7.76748323 -1.87650633 -2.95399094 -3.00171328 -3.14221859
4.39313793 -5.56625938 12.7896929 -1.65506542 5.54618788
2.02165079 3.87329125 8.09392071 4.10818434 -0.109689139
3.04334283 -2.04348946 13.5135946 -1.33189189 4.75272322
7.32000589 -3.92623758 11.4425421 -2.77761889 1.3679173
7.73483658 -7.00259686 -17.113306 -1.30035627 -4.16308928
4.95738983 -8.28861713 -2.45205379 -0.712874115 -0.300080657
3.58769608 1.68241334 1.04670155 4.51986647 0.0259713978
9.99477196 -2.597296 -16.7174873 0.542144835 -3.21307468
9.23328495 7.25318861 14.2971401 -1.13001037 3.96273208
2.99031401 -9.00069046 -12.1331558 -2.63570571 -4.22626925
7.22021103 0.650587857 -5.13276529 -2.81986928 -0.277203292
9.61923027 0.539746463 8.50971222 -0.820432305 3.15568399
8.94434261 15.6861038 7.26948643 4.71736145 2.31645226
1.07828534 3.4126153 -0.535716891 5.43178225 -0.831721008
1.26003945 -8.76129913 6.86947203 -6.62379646 -0.763914943
3.69311643 7.63058805 5.67747116 0.552923322 3.10250831
3.43098211 10.248723 -8.25737762 0.737494051 -3.5824914
9.62558556 4.48081112 -5.45848036 -1.52504659 -1.30663466
8.57363129 3.23742747 -8.63991451 0.934678137 -1.52626133
5.0924964 0.451716304 -1.44822633 -2.94420123 -1.53978169
2.25170851 13.4023066 13.1581364 2.65005541 3.82833457
5.00084305 -3.54256105 4.3921032 -1.25146127 4.69055939
3.37746334 1.70695877 11.0715027 -3.14780617 1.33258331
5.40322781 0.925093591 -10.8936749 -0.862596393 -0.357702434
5.07456493 11.3312025 10.5430613 2.65012145 2.0201962
3.68411517 12.4218893 1.9830879 2.35737729 2.08536696
3.6633184 -9.42132664 -4.46761608 -2.90143919 -1.45840442
6.87836266 -12.0567026 -4.27266407 -2.21908951 0.565514207
2.41507006 -1.78278255 -1.48218918 3.84600973 0.588599324
7.03378534 0.924370825 11.4281893 -2.27360392 1.73190463
7.24778318 -12.5577583 4.61209726 -2.93461633 5.12734461
6.01893425 8.09479046 10.4947472 0.376951963 4.35262012
8.99864197 -13.4059525 -2.17484355 -3.55247831 -4.09499884
5.68371296 11.0581007 1.56986356 3.02829337 -2.29977512
5.44979763 -2.94827175 8.63137817 2.43451762 4.15094995
9.7817049 -11.7172966 2.83320165 -4.51673985 -1.01178503
3.74970412 -10.9480133 -0.0184179842 -1.41717172 1.85024035
7.55937576 11.6755934 15.7005959 4.51452398 3.02567196
2.39104342 -5.20656013 -11.0383244 -4.45082808 -4.53007936
3.41221642 -0.350595355 -16.1669712 -3.63777542 -4.44834423
1.40500355 10.0971012 -8.94438839 2.7981112 -1.97423255
8.52591324 -2.51990223 0.155633509 -4.93123674 1.67696965
3.92026567 -9.98989773 0.653738856 -0.581751943 -2.1485889
4.89903355 5.76643991 -12.7370501 -1.66380858 -3.13147974
3.7516861 0.0106614828 -4.71881819 0.811280012 -4.37013435
4.65570641 0.176163614 -8.40609169 3.89907861 -0.866711199
3.16620278 -3.91900373 6.34756422 -3.6459229 -0.316047847
8.0587883 7.45494747 9.56729031 0.579643309 2.27369571
1.49040663 -6.65028906 -0.540121138 -2.67665529 -4.36757374
1.12320209 -3.03026128 -12.7008801 2.06966925 -1.58838248
7.71087742 1.4301486 9.21214199 -1.79324818 4.90865421
3.24132109 2.32544875 -9.94347668 0.0808557123 -2.9551754
8.72402477 2.14472771 0.939061582 -0.173442453 -2.84906292
8.72447872 9.08833218 -15.8316679 4.66254425 -2.52346349
9.39369297 1.40961909 6.49131346 -3.08513904 2.35084915
3.66286182 8.08829117 -15.4168034 4.47062635 -4.01184368
4.07078314 13.4910316 -2.12524199 3.26147628 -0.859691441
1.02158761 8.37778282 7.41534472 1.69756174 2.98685932
4.7336998 5.78981352 15.2302656 3.61710882 4.75511599
5.36206579 11.1165447 1.50999522 2.52153111 0.689284384
3.40197158 3.49859142 -7.31048965 3.06097364 -4.61896038
3.11301708 -5.05103779 -0.0437160432 -3.00217795 -2.61950445
2.98292971 -11.3291492 -8.26686668 -0.402854323 -2.99996758
6.78244781 3.16151381 -8.18771362 -0.597037733 -0.167123064
3.20600009 -1.31214237 -7.11017752 -3.41719174 -0.483434081
6.02754927 2.80448985 -0.68844533 -0.706328273 -3.83516622
3.80092835 -16.4467182 -5.97815132 -3.36717343 -0.135082677
6.98012447 -5.71581125 -6.28133965 -3.70108747 -1.25897467
1.57640553 4.58495283 -5.25231552 3.81270695 1.79112315
3.742872 12.685441 -4.79727697 5.21981049 -3.90856576
7.55596781 -4.33517694 -10.9055195 -5.85244799 -2.73747897
9.45384979 -7.04491472 -15.0468884 0.215991259 -6.11088276
6.82544374 -1.61518788 8.9931221 -2.16981339 3.81776309
8.83170128 -5.44934988 -17.3623829 -4.40117311 -4.72989225
4.25074005 -9.91854477 -13.7117338 -0.593353748 -4.03518009
4.60502243 1.03907335 6.05040836 0.631559253 3.42300296
6.721066 7.75196743 4.67546177 2.28804255 3.29878712
1.73128653 0.119112611 -1.52213836 -2.92114925 -4.55373192
4.07281542 -4.80537224 15.7229576 1.91179121 4.3587327
2.81669188 -4.08209801 -6.55591488 -3.98096132 0.526458979
6.35195398 -9.97636032 -5.414711 -0.825431347 -1.97853088
2.63575292 -0.88021636 -1.12654805 -2.24061823 -2.18367553
1.57095599 0.700120866 5.86725664 2.52547455 -2.15258408
1.16281152 -2.64471555 -5.38524342 -3.21792269 1.10150933
8.61483955 -4.77046204 -9.73838043 -5.22790003 -4.71663952
5.01842594 -15.8993187 -8.51409912 -4.79390335 0.562193394
8.45564079 13.0181799 -2.9471159 3.17414403 0.25289759
9.73923206 -0.889385819 5.48972416 -1.91922188 2.15674233
9.32795906 -17.4372292 -9.27116299 -4.70512772 -2.80940247
4.77479076 -6.98337269 17.7303619 -1.36719608 4.7580452
2.02517557 1.49455726 7.44797897 4.01708603 -0.346408367
2.62055635 10.6620522 12.4441204 0.854656458 2.94930863
6.96954155 -0.541061521 4.2309618 -0.624135137 -0.0357493758
7.99186277 4.12001181 -1.2856859 0.556728661 -1.74229813
5.21573353 -1.68239236 -18.5456638 -1.46850681 -4.49192095
9.44339466 -9.1411562 7.222435 -3.66304898 1.99121869
9.04050922 -3.72240591 -8.46114349 1.47598946 -3.10698605
8.34424019 -2.66124368 -0.15792188 0.922428668 2.00691271
1.27780998 10.6042509 -3.19384956 1.1630497 1.48443723
5.61164093 -3.53933191 15.1416025 -0.0859511048 3.3253231
8.05302906 6.20536375 -12.756568 0.515018344 -1.82493472
6.11133862 -17.6273613 -9.41770363 -4.12179565 -2.20696044
7.07633543 0.716973305 13.7071028 5.29861164 3.28380847
6.12952709 11.3772736 3.23214054 0.0793148875 -3.05925155
8.14493561 -3.5955081 -1.33022892 -1.33548892 -5.81711864
5.82407093 3.5461874 1.38497138 -3.51505494 4.80570793
8.01774216 -13.7261848 1.62837183 -4.55707502 -1.37897289
3.0591588 -1.078035 5.32139206 1.18607986 4.2049551
3.31533027 -3.70385432 5.37526131 2.62048101 4.72685242
1.53324556 15.2160587 -6.42076588 3.34665942 -1.7758801
6.59905291 -13.8063898 -11.749507 -2.00673461 -2.81044531
7.60144138 -4.00023746 -11.2960396 2.63544393 -2.49339628
6.29071426 5.79093218 17.4116287 -1.33657706 4.03178549
3.70438743 -0.65122962 16.1121559 -5.1628561 4.84098434
4.58501148 -12.106431 -2.90780187 -1.63979924 -0.749982834
7.80396366 -1.05351472 9.37777615 -2.31362104 1.8914392
2.01203442 -6.42883492 0.81432122 -3.50099921 -2.05916548
8.73703671 1.16329062 3.10092282 -1.56290245 1.41467941
8.80779171 -2.01426172 -9.7194767 -1.68799031 -0.464325309
3.89171576 -15.5786905 1.00448763 -4.03589344 -1.10968995
5.74731636 -7.92206812 -0.508209109 -4.05874586 -1.98889434
1.10963368 -1.91546106 -3.92471361 -3.86020327 -1.66588497
6.59447289 -10.4226389 16.9153214 -4.4407177 4.07262278
4.22613811 7.34435844 -2.90141034 0.160513029 2.34707165
9.83124733 14.5879765 2.15918946 3.73171329 -2.80063653
6.14916182 -1.04348671 4.59389639 -0.893766761 0.287910849
9.81516457 -11.6210718 4.7905221 -0.833997607 2.3475194
8.88618469 -4.12170887 -1.55310977 -2.29292822 1.7786932
8.0276022 5.1201582 6.10361814 -1.95457733 3.95312476
4.42472744 -9.48251152 -0.927436471 -5.18791246 -2.1122787
5.56192875 0.415856123 -6.07614708 -5.79292679 -2.62928367
7.87386942 -18.1683598 -2.86157846 -4.85210848 -1.28702581
7.51780081 3.2826128 5.22810698 -0.587865949 -0.374179274
4.76837349 -7.77710152 5.26478243 -1.2091738 3.5582757
2.44642401 -6.48792505 -2.05192184 -1.89403284 1.70911407
2.94896936 -7.80092621 -8.50678158 -3.99825525 0.0558554046
1.5136745 -8.72365475 -8.4528904 -2.72767258 0.207626119
5.91844845 5.43195248 8.2651825 1.73405552 0.552129745
1.5283438 -4.70066643 4.1398468 -2.11491394 -0.696840167
8.08436584 -13.7778606 -0.785751224 -2.56291962 0.175289288
1.49719071 3.1129837 6.11600685 -0.70836699 3.95551872
8.79049015 -12.7927475 5.29853153 -3.33923197 1.15993428
8.86422729 -11.8651972 1.9384973 -1.25404775 -2.51371026
1.54834008 8.78755093 1.27531314 4.32127476 2.55497026
3.08219004 17.4162788 13.0044708 4.51033783 4.05406237
7.37011766 6.21109867 -12.3856382 2.36408401 -2.59505343
8.68487453 9.53344727 12.0637264 3.39679337 1.38058174
9.61163616 1.13226306 -17.2793198 -3.13830066 -4.10705566
2.5033555 3.34331274 -11.5931234 2.86421633 -3.58372974
3.23370361 0.128134549 20.363121 -0.790878236 5.30252457
5.19449186 -4.45707369 1.79910505 -1.12373543 0.647358477
6.88064861 5.19881678 -2.85226369 2.93818045 -0.277848244
9.72884274 0.197354749 -5.53250122 -0.236674681 -2.34925413
7.69271183 -4.421772 14.0832281 -0.782282531 4.1391325
6.99817991 0.728219569 -2.2995882 -3.80007935 -4.81655931
2.25152826 -5.00596619 -9.71476841 -2.06720877 -1.6926254
4.19959259 -3.79210329 8.22869682 -5.6964221 -1.24329925
4.56361294 -3.59786224 5.71975231 -5.17611408 -1.55974185
8.150877 0.132566258 -14.4757166 0.775647938 -4.35830784
4.49536514 -2.93881249 -0.727743447 -0.30403772 -1.64633369
4.19257736 -2.05800414 -2.47456455 2.5747261 -3.38086033
8.56064415 -0.831670403 -6.29888821 1.97798669 0.129368708
1.8354584 8.01953125 -11.3801794 -0.733459234 -2.72938323
2.4642849 8.13050747 -6.68567514 -1.00236249 -0.333654106
6.80771065 -8.05464268 16.8137779 1.62485433 3.81413102
3.31771111 -8.48363304 10.7922487 -0.593418479 1.08908391
8.6603756 5.66882896 12.2147703 3.86382246 1.75917232
4.9220314 8.45231819 -2.63715219 0.76036793 2.18491602
5.58281469 10.7786016 1.38652861 0.745970786 -2.44898272
2.03149796 6.21422338 -9.9667387 3.52426696 0.0563766062
2.58892775 -15.791317 1.88986933 -4.021523 0.702246308
5.00232887 3.88917494 5.35233831 -1.25937974 1.84239233
4.73031902 12.336998 -14.5125332 1.97556782 -2.72261691
5.73124027 4.32775879 -9.7519455 3.91710734 -3.47527957
4.48751593 4.57407331 -5.54435539 3.27760792 -5.87574959
4.29172897 8.75812435 -12.0956306 0.667784691 -1.36609113
3.00202203 -3.34054494 8.36171055 -0.318797737 4.41375494
3.17354274 6.24567556 -1.366817 5.01951885 3.36900783
1.3019619 1.26600575 0.832058609 -3.42648339 2.46554232
6.5339241 15.8285713 11.2299547 2.95740914 3.95952797
1.17668533 7.80439711 -8.52158356 3.13658762 -0.726982474
3.36140585 -16.629837 15.2818966 -3.82505822 3.90320754
5.85940218 -14.7827978 3.86163759 -3.37830281 3.59990072
7.96485806 15.0366554 18.1550713 4.50690365 4.18082523
6.17266417 -16.8119831 -16.7805042 -3.65692282 -4.15898991
1.68965912 -2.33332014 1.63133478 -0.0321668759 -2.97545195
5.29247665 -9.22029781 7.71094799 -2.25565863 1.19357765
2.26793337 -3.59677577 -12.5796442 2.73260474 -3.04689932
4.78776979 -5.16010475 3.61917257 0.231429994 -2.75278568
5.71295738 -6.32927847 2.66395378 1.71369183 1.81057644
5.09184361 0.919837713 -5.61531448 4.18229389 -2.37973499
9.15644455 4.98990154 -4.33207464 1.84919643 0.396682709
6.06086731 -0.978928208 -2.08292389 -0.601180971 1.97663498
3.54210567 3.85609579 -8.02737522 1.90318513 -4.25212288
6.77961063 -7.5686202 -0.237950802 0.22610718 -0.779757857
9.57995224 -14.3679085 16.0253716 -2.77025628 3.92423105
8.26153374 3.45202327 4.33740377 4.39909554 -1.37384868
9.86240005 -10.7103205 -3.57705975 -1.30707777 -0.115673982
9.21246815 -11.6529064 -5.14666319 -1.8343333 1.62137449
3.55815816 3.28637028 -15.5165062 -1.49979627 -3.59779596
7.50172567 2.48671103 -13.2391634 1.02694166 -4.06761551
9.57864857 1.18419874 4.17803049 -0.0476685241 -1.77944863
6.50656414 13.2651596 6.88692808 2.31341505 4.45221901
1.6356976 0.928569794 0.914366841 3.6837585 4.14344501
2.97687697 -1.82122874 -7.75330973 -4.24840117 -0.797553301
6.08412838 -13.5520964 -0.475434363 -3.35335088 -1.83046961
9.58795547 8.01780987 -8.55317974 1.6751579 -2.39555717
3.96608758 9.8275671 8.38398743 2.45759416 -0.0166769922
7.82543802 13.0824423 4.46248865 1.21580434 1.87671256
3.15594959 1.36268854 -9.4297123 -0.547111571 -6.13313198
1.36837888 2.25854874 -5.01312304 2.44118309 -2.19289684
3.01741004 -1.16704106 -0.44968313 1.17911983 -0.953662157
2.62004328 11.0068693 5.96259642 4.12343884 -0.942865968
1.4740845 4.69749975 11.1770363 0.419592798 2.77010155
5.54686928 7.72879791 -5.9271946 0.0043542888 -0.427222222
9.90522861 5.12895346 -3.30074644 1.45328963 -1.34920287
2.47959161 -6.43571854 -0.31727922 -3.63902497 0.774767101
9.76624775 15.8788986 -9.88261509 4.88440657 -2.94965816
8.03477478 10.9799423 2.26698804 2.52711248 1.23220539
5.34861898 -8.33362198 -0.827058673 -2.2894187 -5.03589153
3.80855799 -0.0612874627 -7.06656599 -4.86652327 -4.3115015
7.57644367 2.7686038 -2.52848029 1.55797589 -0.682384074
1.00634468 -4.03161526 0.139125392 1.47422373 -0.0588898659
4.2531476 0.479351282 -4.31879663 2.94080901 1.87112391
8.65804482 10.9283724 -0.94496733 2.36965609 -1.907987
3.66074467 -0.776758969 15.6020432 -0.611118197 4.65565062
5.57600975 -10.3248644 7.59956455 -1.03870261 -0.0483231619
8.91834927 12.5829725 16.066515 2.39422417 3.34742808
9.71680927 -5.84100628 -10.6857481 1.6482197 -5.40025759
1.00645053 -3.81501651 1.12902689 2.64648056 -1.09606504
1.09656942 10.2973433 -6.52082205 -0.132878065 0.361773849
3.8669312 7.31322145 -2.66827011 3.30800438 -1.72825277
7.92211246 9.54008007 -9.19788456 3.58623886 -1.1735121
3.47628927 4.02946758 -5.77009869 -1.66315579 -0.517265439
4.08763695 -13.513422 -3.54456997 -4.56310129 -1.5853107
1.30643272 5.44335938 2.89051938 6.48692131 3.75145102
8.69998741 3.96425176 0.682224095 -1.64050019 2.84223247
1.07792306 2.69201231 -12.2300396 2.67734408 -1.2566129
8.78444767 -16.806221 5.07588911 -4.63603067 1.76905465
2.20658016 0.975655138 -3.98192525 -0.40688777 -1.89117479
5.82752895 0.949141681 9.93268681 3.69186258 4.55609608
5.85848808 7.38280153 16.0535831 -0.410803705 2.97634578
5.31526852 8.04583836 3.6174562 0.391711771 2.84206176
8.00963974 1.65951216 6.61229563 1.95188737 3.25688028
6.92131281 1.92366457 8.49702644 -2.43406296 2.6531477
3.42526865 8.56510258 -16.2805099 2.0653336 -4.96306801
3.50110435 3.71704078 -4.07478142 0.126842603 1.08549368
1.96058893 15.2998819 -7.51841593 3.2096796 0.376313776
1.55029964 -1.12140918 6.17699766 -4.13165045 0.192560881
9.0889349 -14.9930925 10.780633 -2.85591984 0.524516523
8.2809782 13.2858791 -7.88813305 2.84910917 -4.39237118
8.06506538 -8.46314907 -6.53884125 0.0668123215 -1.17738378
6.9748745 -0.266257584 12.9070911 2.59308362 1.25180626
3.63236189 15.2648306 -2.85836029 2.91926885 -3.49899697
9.76472378 14.3544683 10.462184 6.01135778 0.584117532
2.67125583 -12.6886892 10.0842228 -1.81124723 0.977988243
2.50926781 1.20002031 0.0782843232 -2.28764629 -3.44630766
9.70750332 2.00845051 0.335861683 -1.52064908 -1.05139756
5.90641642 2.12890053 -4.23145723 4.63012457 2.43034625
2.67626405 -6.5896287 -16.2898083 -2.57641864 -4.39991045
4.51121426 -2.83061671 5.33637142 -6.10469246 -2.70722675
2.85318518 0.366725028 0.762970805 2.16169262 0.608354807
3.80695629 -14.7630768 6.15145636 -3.21487808 -1.79715371
6.35889339 -5.26002502 -0.724795103 -1.05694151 2.04940677
2.99307013 1.92476296 -7.46348476 0.969542146 -1.1118232
8.14012337 3.82803416 -7.32413864 4.71600437 -2.39024496
8.6383934 3.37045288 4.8911171 -3.16980124 4.82710266
2.83718252 2.52631474 -15.9806948 -0.12022572 -3.34021139
2.86263585 -15.1850481 2.01411414 -3.1687417 3.43773341
4.4404335 12.1982603 7.35456848 2.33713365 2.8633244
9.19657898 -12.1173019 -6.18771124 -3.95047426 -1.88680363
5.14823484 6.43560266 3.49450874 3.18630433 -2.89416552
7.78407145 10.6805182 8.1531353 4.04382515 0.697168052
5.32216883 6.79994774 -6.12150717 -1.4675405 -0.263340622
5.07501078 -0.546456397 -18.484848 4.80656338 -4.6619029
7.95802069 -2.1732223 -3.18931794 -1.97453642 -0.722262621
9.66823769 -6.95821762 4.77339029 -4.02604198 0.325468302
1.56862473 13.6562004 -9.38910007 4.62880611 -2.01176286
3.46590424 -3.22166348 -3.25741982 -1.53248954 -1.49102139
4.89154863 6.39372683 -2.15873981 5.11746693 -3.29671264
1.78450108 7.06078053 0.0849263668 3.061167 3.65608573
8.3232193 -5.09990788 -7.08898258 1.93580794 -3.73107767
3.5885005 11.3789616 0.722388327 2.72057199 0.93385607
2.49054003 2.99939632 -6.11465263 -0.9581182 -0.883512497
6.49922371 1.96479797 -8.15763474 -3.65097785 -1.05529118
9.85913658 -4.80214357 -2.46909165 -4.13684654 -3.01310492
4.73553848 10.4613762 15.9840183 3.56471539 4.44658136
3.79504251 -3.50460958 -12.94347 1.36099243 -4.77692699
9.64010906 1.94064653 -6.69076014 1.63127947 -2.13452888
8.9731884 10.9745178 -1.38537204 3.87130451 1.5308435
1.95273018 -0.310188651 5.80698538 -3.9861908 2.9724822
6.55144835 -3.74419022 12.6216755 2.71592641 3.18158889
8.48256207 7.99140739 -14.8057861 2.24080873 -5.07152271
1.0060643 -4.03969145 -13.6984186 -4.61286497 -2.46661305
5.33749628 1.8422997 5.04289865 -3.67781758 1.54016221
7.04335117 5.56915331 -4.29588795 -0.495418727 -1.57521248
2.36547828 3.86757708 10.4896164 -2.55722547 2.84183717
7.4868145 11.6978579 -13.6384764 3.45045519 -3.07657409
1.96603966 -1.30996811 11.8825188 1.48368609 2.76313329
9.54963398 -10.6184998 6.82624626 -4.46980715 2.83306241
6.92767048 2.2753799 5.96209669 -2.56806684 1.718768
7.40097713 6.0051713 10.5436935 4.9132185 1.60993481
4.44325066 -3.39776683 -1.49582577 -0.741900265 1.57345057
5.42539358 10.8859739 -4.74501419 3.7266984 0.446029603
1.97043228 9.28450394 -17.4393559 0.396402091 -4.82722807
9.08759308 -10.3168612 13.3774824 -2.31879187 3.47421432
6.07819891 6.6390624 -3.87778282 0.707492709 2.19766665
2.80954933 2.38196754 11.1965618 -1.04717767 4.05734062
1.94897676 0.755835354 15.3386574 3.85006332 5.22970867
1.75713229 0.0192525387 12.8769665 -3.22424674 5.40142965
4.68602848 0.572055459 -1.8029592 1.59652781 1.53655374
7.95720959 5.13011599 4.05571842 -0.664010406 -2.22333407
6.08287096 -2.79335737 7.16358137 -0.866584897 0.587209582
2.63583112 -1.91800952 6.887218 1.46875942 -1.67921913
5.01324463 0.73940897 0.188883334 -1.9897114 0.173864305
3.19597363 -2.61182976 8.59596729 -5.01180506 -0.699610889
8.09507179 -1.13666046 8.154459 3.56603312 -0.541444838
1.73533297 3.41458607 -8.71575642 1.80888963 -0.371485889
8.78775883 -0.171221599 0.539151013 -0.90368259 -3.09758997
2.50919247 -0.0228961706 -2.22498751 0.656090975 1.40383029
2.57545233 2.09525776 -9.59451771 2.55409145 -2.79241586
