3.44394755 8.96339226 -2.34685659 1.9773488 -2.42936087
9.39589024 2.93963814 3.28744793 -4.94844103 -4.91120005
7.99875927 -7.89357948 3.1211853 3.0131712 1.04694891
5.81888294 8.49127769 -0.0797042847 -0.657361031 -0.36438179
3.13825226 8.4305191 9.00585365 0.0790638924 -3.32045484
7.84013891 7.53273964 -3.7933197 4.93845463 0.0813412666
4.4267211 -4.80597496 3.01019096 0.384912014 3.49885845
6.72204399 -8.68084812 -7.15046215 -4.82553244 2.85780954
3.25720978 -7.51231909 -6.37953472 3.34404755 -4.46262598
4.92409277 7.17204094 2.94044876 -4.48256159 4.9938221
9.83724785 -7.67462873 -3.04287958 2.91544819 -4.61215782
1.08887339 9.15073967 -6.95548439 -4.08291483 -2.23602104
5.83789062 6.6869812 -5.86742687 -3.39664984 -2.29190373
8.58271408 -9.50880241 0.110206604 -1.2778852 0.436086178
6.11739349 -7.3748827 2.23509026 -4.81994247 -0.774793625
3.25130939 0.919237137 -7.68195248 -1.27625513 3.17544174
1.41947412 2.57095146 -7.92221165 2.19484806 -3.18981028
6.54253483 1.97850704 -7.9944582 -3.1069603 3.17635727
8.46188164 -2.03750515 -4.16801977 -2.6716547 0.176318169
1.65509844 3.48321819 8.78402519 4.37396145 3.07497406
8.31028461 -5.68833733 -2.34291935 2.65831232 0.774977207
5.87102079 -5.76163816 0.976296425 -1.71435833 -4.28780079
8.45402813 -4.15313721 -9.52442646 -4.0994873 3.44060707
5.72153282 -9.86493492 -6.50073338 -4.08805466 4.3041687
9.48315525 7.84989929 -7.99963188 -0.320709705 2.35469818
6.15288019 -7.24112415 -9.6801281 -1.17365408 2.08907843
3.77472734 4.81234074 3.14169788 0.901294708 -2.11320877
8.33669472 1.62475014 9.6029892 3.52529907 0.506554604
3.09637499 2.53807068 1.93261719 -0.71392107 -4.12060308
5.2916894 -6.82345676 -0.322840691 0.12270546 -0.0267705917
6.53206587 -7.68587971 -3.92720175 -0.880943775 -4.06613064
7.96436071 9.66780663 3.9557724 -4.32043314 2.32411098
4.63555622 5.2795496 7.24124908 3.29368401 0.265985489
1.93353009 -8.95598316 -7.08305073 3.71868896 -1.03001237
3.2195518 5.11509132 -9.70888424 3.69522285 -0.314186573
9.38449001 -7.03257465 -8.71472263 -3.49994421 3.84351635
9.68547058 -2.82948542 0.442390442 -2.99973941 -1.7257061
3.51950479 4.09186554 -1.46859646 1.60519218 -4.80601215
1.29937482 -7.82318878 -8.38014603 -0.0547156334 3.31141567
3.05537486 5.72624969 -9.18073368 -0.593540192 -4.71122408
7.32335758 -7.36178398 -0.958892822 3.13175678 2.01773405
3.96191359 6.99773598 2.5236702 2.97539997 2.09123325
9.40630341 0.0542087555 9.19162369 -2.57046986 1.68027973
4.10466766 -1.33810043 -4.56424665 -3.00615215 1.96967697
8.13891125 -8.91702652 -9.69608498 2.03812695 4.7169857
2.9424448 -1.34809113 -6.19954729 -2.76584411 -2.49154711
5.18293953 0.78000164 6.47037888 -1.726794 -4.75573111
6.93912792 -7.47374392 -6.7075038 -2.83416843 -0.525506496
5.87847471 1.02086449 8.51977539 -1.86347508 -1.28773737
3.84144187 1.91868687 2.06283474 3.25523281 -2.98810697
7.73505306 -7.74044895 4.76428509 1.73549557 1.1696043
8.486269 4.11686039 1.97914314 -4.48192549 -4.88361406
7.71510077 -3.27961349 4.76726341 2.60911846 -0.282011986
8.28588867 -4.09300852 8.19350433 4.88924885 3.46071911
2.71333957 -8.83785725 -0.761966705 -4.96810865 0.720834255
1.05472445 4.7945118 -4.85251188 3.97092628 -4.37046623
7.14199066 7.34529305 9.18120956 2.34697247 -2.66852283
7.32654476 0.734337807 7.1526165 2.72162628 2.82526922
8.02212048 -1.69132519 7.43563652 0.40294838 2.89392376
6.82485962 -8.50211525 1.66071415 -4.34851885 1.11225843
7.49426699 -1.40370846 5.71575069 -4.85420084 1.79165792
5.23820019 -5.20851803 3.36333656 2.07997704 -3.74343443
1.14951348 -3.43874502 -9.70954132 -1.56418467 4.29663563
9.96003342 -9.73812008 -2.77253866 -3.97279716 -4.77493858
6.0905652 6.84915352 -0.587657928 1.15053177 -3.01461458
3.94578075 4.50898933 -1.39336491 -2.70786786 -1.59077358
5.12566137 1.21897793 5.64265633 -2.36693907 -4.71555567
2.34700608 -7.77004433 8.54634857 0.288366795 1.63351917
2.00514507 5.79656124 -3.83520842 0.552064896 -0.293150902
2.07549119 6.62203598 -7.59057045 2.19360638 2.00982952
9.10379124 2.90584564 -5.745749 0.23459053 2.34221506
7.95726824 2.17019272 9.94507027 -3.01915598 -3.29512882
9.46009922 5.59003067 -5.0162344 -2.46809745 -4.83633947
8.62934494 2.93773842 -5.06535721 -3.11337948 -1.32223797
2.56905699 2.95936966 -1.67266273 4.28654861 -3.28468943
4.83669281 -0.506122589 -7.47859049 -2.1107688 -1.54626417
4.84726334 4.47703743 -7.23680496 0.456842422 -1.26366496
8.28719997 7.59767342 -7.62561417 0.747029305 -4.00450325
6.16747665 1.32291985 -7.48435974 1.96300697 -0.704994202
5.71775389 -8.23316193 5.78431606 4.17001629 1.73603249
5.37131357 -7.05386877 1.54737282 -1.67599726 3.98445702
4.33135509 6.84839821 4.83955288 1.68098021 0.82951355
9.16649055 -3.06124783 7.44226456 4.13493633 1.74997997
9.25870323 0.728793144 -8.20736313 -1.26765871 -0.304924011
9.31872559 -9.63700104 -1.70736885 3.45863533 -3.09376192
4.20003033 -8.6989193 -3.25050306 1.63558054 -1.10056591
2.53506207 0.634399414 5.71690464 1.19106531 3.9093647
1.9066782 0.807886124 -8.20121574 4.87368774 1.45709991
4.95451069 -5.88547993 7.13764572 0.457091808 -3.55524349
1.65818357 0.702171326 -0.277606964 -1.64619923 0.599019527
